DATE,DAP,GP,RMAINT,Mean Day Temp,Te,TeSum,TotDM,DMRoot,DMLeaf,LeafArea,DMStem,TotDMLeaf,TotDMStem,TotDMRoot,TotDmShoot,TotLeafArea,LAICov,LAI,NLeaf,NStem,NperLeaf,NperStem,TotNperLeaf,TotNperStem,TotRootDepth1,RCil,Transpiration,Evaporation,CumTranspiration,CumEvaporation,TotNperShoot,ShaftDi,ShaftLe
176,1,0.29733,0.035209,21.753,19.753,19.753,0.18348,0.01515,0.14308,0.0010731,0.02525,0.14308,0.02525,0.01515,0.16833,0.015773,7.1688,0.28676,4.41,3.03,0.0063099,0.00076507,0.0063099,0.00076507,6.4125,8.0534,4.9239,8.0252,4.9239,8.0252,0.007075,9.5683,7.9133
177,2,0.3014,0.0025739,21.869,19.869,39.623,0.20918,0.017272,0.16282,0.0012212,0.029082,0.30591,0.054332,0.032421,0.36024,0.016994,7.2101,0.30896,4.4013,3.0263,0.0071664,0.00088012,0.013476,0.0016452,6.8273,11.455,3.977,7.1381,8.9009,15.163,0.015121,9.6933,7.9824
178,3,0.32458,0.0028226,20.781,18.781,58.404,0.22523,0.018597,0.17502,0.0013126,0.031615,0.48092,0.085947,0.051018,0.56687,0.018307,7.3076,0.33282,4.3931,3.0229,0.0076887,0.00095568,0.021165,0.0026009,7.2195,14.37,3.7661,6.7986,12.667,21.962,0.023766,9.813,8.0483
179,4,0.28811,0.0030691,21.107,19.107,77.511,0.19953,0.016475,0.15477,0.0011608,0.028279,0.6357,0.11423,0.067493,0.74992,0.019468,7.3299,0.35392,4.3848,3.0194,0.0067865,0.00085383,0.027952,0.0034547,7.6184,15.108,2.7431,4.913,15.41,26.875,0.031406,9.9363,8.1158
180,5,0.37489,0.0027613,21.393,19.393,96.903,0.26049,0.021508,0.2017,0.0015128,0.037279,0.8374,0.1515,0.089001,0.98891,0.020981,7.4692,0.38143,4.3763,3.0158,0.0088272,0.0011242,0.036779,0.0045789,8.0233,17.349,4.1074,7.2631,19.518,34.138,0.041358,10.063,8.185
181,6,0.41881,0.0037414,22.531,20.531,117.43,0.29055,0.02399,0.22455,0.0016841,0.042005,1.062,0.19351,0.11299,1.2555,0.022665,7.6289,0.41204,4.3673,3.012,0.009807,0.0012652,0.046586,0.0058441,8.452,19.548,4.5564,7.9225,24.074,42.061,0.05243,10.199,8.2588
182,7,0.43186,0.0041108,22.145,20.145,137.58,0.29942,0.024723,0.23098,0.0017324,0.043718,1.2929,0.23723,0.13771,1.5302,0.024397,7.795,0.44354,4.3586,3.0083,0.010068,0.0013151,0.056653,0.0071593,8.8726,19.963,4.1869,7.2696,28.261,49.33,0.063813,10.334,8.3319
183,8,0.41813,0.0046185,24.696,22.696,160.27,0.28946,0.0239,0.22283,0.0016712,0.04273,1.5158,0.27996,0.16161,1.7957,0.026068,7.8782,0.47392,4.3486,3.0041,0.0096899,0.0012836,0.066343,0.0084429,9.3465,21.626,4.0958,6.9145,32.357,56.245,0.074786,10.489,8.4151
184,9,0.46513,0.0040687,22.174,20.174,180.45,0.32274,0.026649,0.24799,0.0018599,0.048108,1.7637,0.32806,0.18826,2.0918,0.027928,8.0529,0.50773,4.3398,3.0004,0.010762,0.0014434,0.077105,0.0098863,9.7678,23.769,3.5063,6.0205,35.863,62.265,0.086992,10.628,8.4897
185,10,0.54128,0.0044143,21.199,19.199,199.65,0.3758,0.03103,0.28824,0.0021618,0.056531,2.052,0.38459,0.21929,2.4366,0.03009,8.3132,0.54704,4.3315,2.9968,0.012485,0.0016941,0.089591,0.01158,10.169,25.653,4.3078,7.3504,40.171,69.616,0.10117,10.762,8.5613
186,11,0.49863,0.0050507,20.715,18.715,218.36,0.34551,0.028528,0.26454,0.0019841,0.052433,2.3165,0.43703,0.24782,2.7536,0.032074,8.514,0.58311,4.3233,2.9934,0.011437,0.0015695,0.10103,0.01315,10.559,25.138,3.0509,5.1429,43.222,74.758,0.11418,10.894,8.6316
187,12,0.55558,0.0043344,18.83,16.83,235.19,0.38587,0.031861,0.29499,0.0022124,0.059022,2.6115,0.49605,0.27968,3.1076,0.034286,8.7914,0.62333,4.3159,2.9903,0.012732,0.0017649,0.11376,0.014915,10.911,26.705,3.1211,5.3487,46.343,80.107,0.12867,11.015,8.6954
188,13,0.56903,0.0045109,16.803,14.803,250,0.39516,0.032628,0.30168,0.0022626,0.06086,2.9132,0.55691,0.31231,3.4701,0.036549,9.0991,0.66446,4.3095,2.9876,0.013001,0.0018182,0.12676,0.016733,11.22,28.22,2.7475,4.77,49.09,84.877,0.14349,11.122,8.7519
189,14,0.38631,0.0043819,15.278,13.278,263.27,0.26735,0.022075,0.20385,0.0015289,0.041428,3.1171,0.59834,0.33439,3.7154,0.038078,9.2388,0.69226,4.3037,2.9851,0.008773,0.0012367,0.13553,0.01797,11.497,29.2,1.2457,2.1857,50.336,87.063,0.1535,11.219,8.8029
190,15,0.44752,0.0028852,14.449,12.449,275.72,0.31124,0.025699,0.23704,0.0017778,0.048505,3.3541,0.64684,0.36008,4.0009,0.039856,9.445,0.72458,4.2982,2.9828,0.010189,0.0014468,0.14572,0.019417,11.757,28.174,1.6402,2.8559,51.976,89.919,0.16514,11.311,8.851
191,16,0.47502,0.003437,15.12,13.12,288.84,0.33011,0.027256,0.2511,0.0018832,0.051753,3.6052,0.6986,0.38734,4.3038,0.041739,9.6545,0.75881,4.2925,2.9804,0.010778,0.0015424,0.1565,0.020959,12.031,29.221,1.6969,2.9193,53.673,92.838,0.17746,11.408,8.9019
192,17,0.52029,0.0037604,16.068,14.068,302.91,0.36157,0.029854,0.27467,0.00206,0.057048,3.8799,0.75564,0.41719,4.6355,0.043799,9.8774,0.79626,4.2864,2.9778,0.011773,0.0016988,0.16827,0.022658,12.325,30.326,1.8273,3.1037,55.5,95.942,0.19093,11.513,8.9569
193,18,0.57854,0.0044252,18.142,16.142,319.05,0.40188,0.033183,0.30482,0.0022862,0.06387,4.1847,0.81951,0.45038,5.0042,0.046085,10.103,0.83783,4.2793,2.9748,0.013044,0.0019,0.18132,0.024558,12.662,31.622,2.3259,3.8184,57.826,99.76,0.20588,11.635,9.0204
194,19,0.7902,0.0049999,18.568,16.568,335.62,0.54964,0.045383,0.41626,0.0031219,0.088002,4.6009,0.90751,0.49576,5.5085,0.049207,10.487,0.89458,4.2721,2.9718,0.017783,0.0026152,0.1991,0.027173,13.008,33.177,3.2848,5.3726,61.111,105.13,0.22627,11.762,9.086
195,20,0.8907,0.0073521,20.75,18.75,354.37,0.61834,0.051056,0.46746,0.003506,0.099828,5.0684,1.0073,0.54682,6.0757,0.052713,10.891,0.95832,4.2639,2.9683,0.019932,0.0029632,0.21903,0.030136,13.399,34.843,4.2622,6.7602,65.373,111.89,0.24917,11.907,9.1608
196,21,0.95015,0.0081757,20.503,18.503,372.87,0.65938,0.054445,0.49762,0.0037321,0.10732,5.566,1.1147,0.60126,6.6807,0.056445,10.168,1.0262,4.2558,2.9649,0.021178,0.003182,0.24021,0.033318,13.786,35.202,3.9724,6.2984,69.346,118.19,0.27353,12.052,9.2353
197,22,0.96334,0.0090814,21.619,19.619,392.49,0.66798,0.055154,0.50317,0.0037738,0.10965,6.0692,1.2243,0.65642,7.2935,0.060219,9.5487,1.0948,4.2473,2.9613,0.021371,0.0032472,0.26158,0.036565,14.195,36.781,3.7824,5.9166,73.128,124.11,0.29815,12.207,9.3149
198,23,0.88805,0.0084804,19.39,17.39,409.88,0.6157,0.050837,0.46303,0.0034727,0.10183,6.5322,1.3262,0.70725,7.8584,0.063692,9.1304,1.1579,4.2397,2.9581,0.019631,0.0030123,0.28121,0.039578,14.558,35.862,2.8507,4.5541,75.979,128.66,0.32079,12.347,9.386
199,24,0.94454,0.0072743,17.221,15.221,425.1,0.65609,0.054172,0.49269,0.0036952,0.10923,7.0249,1.4354,0.76143,8.4603,0.067387,8.9118,1.2251,4.233,2.9553,0.020856,0.0032279,0.30207,0.042806,14.876,37.211,2.6402,4.2456,78.619,132.91,0.34487,12.47,9.4487
200,25,1.001,0.0076838,17.005,15.005,440.11,0.69535,0.057415,0.52143,0.0039108,0.11651,7.5463,1.5519,0.81884,9.0982,0.071298,8.76,1.2962,4.2265,2.9525,0.022038,0.0034399,0.32411,0.046246,15.189,38.588,2.6768,4.2987,81.296,137.21,0.37035,12.593,9.5109
201,26,1.1116,0.0083916,17.858,15.858,455.97,0.77226,0.063764,0.57823,0.0043367,0.13026,8.1246,1.6821,0.8826,9.8067,0.075634,8.6446,1.375,4.2195,2.9496,0.024399,0.0038422,0.3485,0.050088,15.521,39.577,3.0077,4.7392,84.303,141.95,0.39859,12.725,9.5772
202,27,0.96577,0.010179,20.31,18.31,474.28,0.66891,0.055231,0.49998,0.0037498,0.1137,8.6245,1.7959,0.93784,10.42,0.079384,8.3969,1.4432,4.2115,2.9462,0.021057,0.0033499,0.36956,0.053438,15.903,40.797,2.881,4.3342,87.185,146.28,0.423,12.878,9.6542
203,28,1.0533,0.008925,20.823,18.823,493.1,0.73108,0.060365,0.54547,0.004091,0.12525,9.17,1.9211,0.9982,11.091,0.083475,8.2012,1.5176,4.2033,2.9427,0.022928,0.0036858,0.39249,0.057124,16.296,42.089,3.0114,4.5107,90.196,150.79,0.44961,13.037,9.734
204,29,0.80729,0.0087101,17.581,15.581,508.68,0.55901,0.046156,0.41646,0.0031234,0.096391,9.5865,2.0175,1.0444,11.604,0.086598,8.0347,1.5744,4.1965,2.9399,0.017477,0.0028338,0.40997,0.059957,16.621,42.529,1.5092,2.3278,91.705,153.12,0.46992,13.171,9.8006
205,30,1.253,0.0065857,17.243,15.243,523.92,0.87246,0.072038,0.64903,0.0048677,0.15139,10.235,2.1689,1.1164,12.404,0.091466,8.0483,1.6629,4.1899,2.9371,0.027194,0.0044463,0.43716,0.064404,16.94,43.971,2.8149,4.2973,94.52,157.42,0.50156,13.302,9.8662
206,31,1.4007,0.010277,17.179,15.179,539.1,0.97329,0.080363,0.72299,0.0054224,0.16993,10.958,2.3388,1.1968,13.297,0.096889,8.1086,1.7614,4.1832,2.9343,0.030244,0.0049863,0.4674,0.06939,17.256,45.527,3.0032,4.5014,97.523,161.92,0.53679,13.435,9.9319
207,32,1.4588,0.01201,18.327,16.327,555.43,1.0127,0.08362,0.75111,0.0056333,0.178,11.71,2.5168,1.2804,14.226,0.10252,8.1514,1.8638,4.1761,2.9312,0.031367,0.0052176,0.49877,0.074607,17.597,44.981,3.2555,4.7231,100.78,166.64,0.57338,13.579,10.003
208,33,1.2708,0.012389,18.232,16.232,571.66,0.88087,0.072733,0.6523,0.0048922,0.15584,12.362,2.6727,1.3531,15.035,0.10741,8.1363,1.9528,4.169,2.9283,0.027195,0.0045634,0.52596,0.079171,17.936,46.241,2.4535,3.4905,103.23,170.13,0.60514,13.724,10.074
209,34,1.6921,0.010612,17.805,15.805,587.47,1.177,0.097185,0.87027,0.006527,0.20956,13.232,2.8822,1.4503,16.114,0.11394,8.2506,2.0715,4.1621,2.9253,0.036222,0.0061303,0.56219,0.085301,18.266,47.872,3.6905,5.2504,106.92,175.38,0.64749,13.866,10.144
210,35,1.6147,0.015503,20.409,18.409,605.88,1.1194,0.092432,0.82624,0.0061968,0.20078,14.058,3.083,1.5427,17.141,0.12014,8.2748,2.1841,4.1541,2.9219,0.034323,0.0058666,0.59651,0.091168,18.651,47.729,3.5713,4.8486,110.49,180.23,0.68768,14.034,10.226
211,36,1.6333,0.013199,17.324,15.324,621.2,1.134,0.093637,0.83578,0.0062683,0.20463,14.894,3.2876,1.6364,18.182,0.12641,8.3667,2.2981,4.1474,2.9191,0.034663,0.0059735,0.63117,0.097141,18.971,49.156,2.8534,3.9469,113.35,184.18,0.72831,14.175,10.295
212,37,1.6235,0.012805,15.872,13.872,635.07,1.1275,0.093097,0.82984,0.0062238,0.20457,15.724,3.4922,1.7295,19.216,0.13263,8.479,2.4112,4.1413,2.9166,0.034367,0.0059663,0.66554,0.10311,19.26,50.535,2.8327,3.8508,116.18,188.03,0.76865,14.305,10.358
213,38,1.7739,0.014799,20.134,18.134,653.2,1.2314,0.10167,0.9047,0.0067853,0.225,16.629,3.7172,1.8311,20.346,0.13942,8.5321,2.5346,4.1334,2.9132,0.037395,0.0065548,0.70293,0.10966,19.639,52.416,3.4924,4.484,119.67,192.51,0.8126,14.475,10.44
214,39,1.001,0.014166,16.642,14.642,667.85,0.69079,0.057038,0.50681,0.0038011,0.12694,17.136,3.8441,1.8882,20.98,0.14322,8.4725,2.6037,4.127,2.9105,0.020916,0.0036947,0.72385,0.11336,19.945,53.226,1.2538,1.6584,120.93,194.17,0.83721,14.614,10.507
215,40,2.0504,0.0078009,15.88,13.88,681.73,1.4298,0.11806,1.0476,0.0078568,0.26416,18.183,4.1083,2.0062,22.291,0.15107,8.6638,2.7465,4.121,2.908,0.04317,0.0076817,0.76702,0.12104,20.234,54.865,3.4183,4.426,124.34,198.6,0.88806,14.747,10.571
216,41,2.2141,0.018099,19.088,17.088,698.82,1.5372,0.12693,1.1244,0.0084331,0.28588,19.308,4.3942,2.1332,23.702,0.15951,8.9748,2.8998,4.1135,2.9048,0.046253,0.0083043,0.81327,0.12934,20.591,54.206,4.1346,5.0784,128.48,203.67,0.94262,14.913,10.651
217,42,2.0475,0.021134,21.682,19.682,718.5,1.4185,0.11712,1.0356,0.0077667,0.26578,20.343,4.66,2.2503,25.003,0.16727,9.2115,3.041,4.1049,2.9012,0.042509,0.0077109,0.85578,0.13705,21.002,55.674,3.699,4.4054,132.18,208.08,0.99284,15.106,10.743
218,43,2.2179,0.020384,22.985,20.985,739.48,1.5383,0.12701,1.1207,0.0084055,0.29053,21.464,4.9505,2.3773,26.414,0.17568,9.4597,3.1938,4.0958,2.8973,0.045903,0.0084177,0.90169,0.14547,21.44,57.224,4.3453,5.0217,136.52,213.1,1.0472,15.315,10.842
219,44,1.9467,0.020354,20.823,18.823,758.3,1.3484,0.11134,0.98061,0.0073546,0.25648,22.444,5.207,2.4886,27.651,0.18303,9.6635,3.3275,4.0875,2.8938,0.040083,0.0074222,0.94177,0.15289,21.833,56.241,2.9075,3.3912,139.43,216.49,1.0947,15.504,10.931
220,45,1.756,0.017006,19.437,17.437,775.74,1.2173,0.10051,0.88373,0.0066279,0.23305,23.328,5.44,2.5891,28.768,0.18966,9.8356,3.448,4.0799,2.8906,0.036055,0.0067366,0.97782,0.15963,22.197,57.366,2.61,3.0493,142.04,219.54,1.1375,15.682,11.015
221,46,2.0784,0.014678,18.02,16.02,791.76,1.4446,0.11928,1.0471,0.0078533,0.27822,24.375,5.7182,2.7084,30.094,0.19751,10.078,3.5908,4.0729,2.8877,0.042648,0.008034,1.0205,0.16766,22.532,58.838,2.8492,3.3119,144.89,222.85,1.1881,15.847,11.093
222,47,2.2689,0.018202,19.189,17.189,808.95,1.5755,0.13009,1.1401,0.0085504,0.30535,25.515,6.0236,2.8385,31.539,0.20606,10.337,3.7463,4.0654,2.8845,0.046348,0.008808,1.0668,0.17647,22.891,60.234,3.4245,3.8698,148.31,226.72,1.2433,16.026,11.176
223,48,1.6393,0.019316,18.642,16.642,825.59,1.134,0.093632,0.81922,0.0061442,0.22113,26.335,6.2447,2.9321,32.579,0.21221,10.473,3.858,4.0582,2.8814,0.033245,0.0063716,1.1001,0.18284,23.238,61.219,1.9927,2.2448,150.31,228.97,1.2829,16.201,11.258
224,49,1.3226,0.013829,18.49,16.49,842.08,0.91612,0.075643,0.66076,0.0049557,0.17972,26.995,6.4244,3.0078,33.42,0.21716,10.549,3.9481,4.051,2.8784,0.026767,0.0051731,1.1268,0.18802,23.583,60.634,1.4599,1.635,151.77,230.6,1.3148,16.377,11.34
225,50,1.5305,0.010809,17.531,15.531,857.61,1.0638,0.087835,0.76608,0.0057456,0.20986,27.761,6.6343,3.0956,34.396,0.22291,10.67,4.0525,4.0442,2.8755,0.030982,0.0060347,1.1578,0.19405,23.907,61.513,1.7914,1.9948,153.56,232.6,1.3519,16.544,11.417
226,51,2.3684,0.012495,17.202,15.202,872.82,1.6492,0.13617,1.1859,0.0088939,0.32713,28.947,6.9614,3.2318,35.909,0.2318,10.94,4.2142,4.0375,2.8727,0.04788,0.0093977,1.2057,0.20345,24.224,62.851,3.0243,3.3208,156.58,235.92,1.4091,16.709,11.493
227,52,2.6526,0.022366,21.254,19.254,892.07,1.8411,0.15202,1.3214,0.0099104,0.36774,30.269,7.3292,3.3838,37.598,0.24171,11.208,4.3944,4.0291,2.8692,0.05324,0.010551,1.2589,0.214,24.626,61.98,4.2042,4.364,160.79,240.28,1.4729,16.921,11.59
228,53,1.8042,0.022968,19.19,17.19,909.26,1.2469,0.10295,0.89335,0.0067001,0.25057,31.162,7.5798,3.4868,38.742,0.24841,11.341,4.5162,4.0216,2.866,0.035927,0.0071814,1.2949,0.22118,24.985,62.915,2.1944,2.3136,162.98,242.6,1.516,17.112,11.678
229,54,2.063,0.014671,17.412,15.412,924.67,1.4338,0.11839,1.0257,0.0076928,0.28971,32.188,7.8695,3.6051,40.057,0.25611,11.533,4.656,4.0149,2.8632,0.041181,0.0082949,1.336,0.22948,25.307,63.975,2.5157,2.6396,165.5,245.24,1.5655,17.285,11.757
230,55,2.7072,0.017718,18.574,16.574,941.25,1.8827,0.15545,1.3446,0.010084,0.38262,33.532,8.2521,3.7606,41.784,0.26619,11.814,4.8394,4.0077,2.8601,0.053886,0.010943,1.3899,0.24042,25.653,64.784,3.7837,3.8583,169.28,249.09,1.6303,17.473,11.842
231,56,2.4118,0.026533,22.243,20.243,961.49,1.6697,0.13786,1.1901,0.0089254,0.34174,34.722,8.5938,3.8985,43.316,0.27512,11.998,5.0016,3.9988,2.8564,0.047588,0.0097615,1.4375,0.25018,26.076,65.961,4.0478,3.9472,173.33,253.04,1.6877,17.706,11.948
232,57,1.5207,0.024809,24.093,22.093,983.58,1.0471,0.086457,0.74467,0.005585,0.21596,35.467,8.8098,3.9849,44.277,0.2807,12.014,5.1032,3.9892,2.8523,0.029706,0.00616,1.4672,0.25634,26.537,66.177,3.4041,3.2004,176.73,256.24,1.7236,17.963,12.064
233,58,2.2435,0.012367,17.657,15.657,999.24,1.5618,0.12896,1.109,0.0083174,0.32387,36.576,9.1337,4.1139,45.71,0.28902,12.21,5.2544,3.9823,2.8494,0.044164,0.0092283,1.5114,0.26557,26.864,67.24,2.5446,2.559,179.28,258.8,1.777,18.148,12.147
234,59,2.7955,0.018304,17.272,15.272,1014.5,1.9441,0.16052,1.3783,0.010337,0.40525,37.954,9.5389,4.2744,47.493,0.29936,12.488,5.4423,3.9757,2.8466,0.054797,0.011536,1.5662,0.27711,27.183,68.539,3.529,3.4842,182.81,262.28,1.8433,18.33,12.228
235,60,2.8461,0.024635,19.363,17.363,1031.9,1.975,0.16308,1.3978,0.010484,0.41415,39.352,9.953,4.4375,49.305,0.30984,12.744,5.6329,3.9681,2.8434,0.055467,0.011776,1.6216,0.28888,27.546,67.739,3.8935,3.6889,186.7,265.97,1.9105,18.539,12.321
236,61,2.3638,0.025995,20.547,18.547,1050.4,1.6365,0.13512,1.1561,0.0086704,0.34532,40.508,10.298,4.5726,50.807,0.31851,12.974,5.7905,3.96,2.84,0.04578,0.009807,1.6674,0.29869,27.933,68.762,3.1401,2.9291,189.84,268.9,1.9661,18.766,12.422
237,62,1.5754,0.019142,17.467,15.467,1065.9,1.0894,0.089947,0.76731,0.0057548,0.2321,41.275,10.53,4.6625,51.806,0.32427,13.103,5.8952,3.9495,2.8146,0.030305,0.0065328,1.6977,0.30522,28.256,69.435,1.4881,1.4387,191.33,270.34,2.003,18.956,12.506
238,63,2.294,0.013237,18.309,16.309,1082.2,1.5966,0.13183,1.1211,0.0084084,0.34363,42.397,10.874,4.7944,53.271,0.33267,13.331,6.048,3.9385,2.7879,0.044155,0.0095799,1.7419,0.3148,28.596,68.897,2.5923,2.4231,193.92,272.76,2.0567,19.159,12.596
239,64,1.8063,0.020109,19.614,17.614,1099.8,1.2503,0.10324,0.87507,0.006563,0.27203,43.272,11.146,4.8976,54.418,0.33924,13.472,6.1673,3.9266,2.759,0.034361,0.0075053,1.7762,0.32231,28.964,69.635,1.8138,1.6843,195.73,274.45,2.0986,19.381,12.693
240,65,2.4439,0.014742,17.777,15.777,1115.6,1.7004,0.1404,1.1865,0.0088988,0.37351,44.458,11.52,5.038,55.978,0.34814,13.716,6.3291,3.916,2.7331,0.046464,0.010209,1.8227,0.33252,29.293,70.626,2.7133,2.5437,198.45,276.99,2.1552,19.582,12.781
241,66,2.7638,0.018451,15.259,13.259,1128.8,1.9217,0.15868,1.3376,0.010032,0.42551,45.796,11.945,5.1967,57.741,0.35817,14.018,6.5115,3.907,2.7114,0.052259,0.011537,1.875,0.34405,29.57,72.097,3.0425,2.8625,201.49,279.86,2.219,19.752,12.855
242,67,2.52,0.021088,15.566,13.566,1142.4,1.7493,0.14443,1.2144,0.0091077,0.39047,47.01,12.336,5.3411,59.346,0.36728,14.277,6.6771,3.8979,2.6892,0.047334,0.0105,1.9223,0.35455,29.854,73.093,2.6079,2.4309,204.1,282.29,2.2769,19.928,12.932
243,68,2.7901,0.022415,19.841,17.841,1160.3,1.9374,0.15997,1.3404,0.010053,0.43706,48.35,12.773,5.5011,61.123,0.37733,14.539,6.8598,3.8858,2.6599,0.052085,0.011625,1.9744,0.36618,30.226,74.179,3.6116,3.1803,207.71,285.47,2.3406,20.162,13.033
244,69,1.0198,0.022725,17.741,15.741,1176,0.69793,0.057627,0.4814,0.0036105,0.1589,48.832,12.932,5.5587,61.763,0.38094,14.566,6.9255,3.8752,2.6341,0.018655,0.0041856,1.993,0.37036,30.555,72.435,0.78787,0.7237,208.5,286.19,2.3634,20.371,13.123
245,70,2.0052,0.0079754,16.953,14.953,1190.9,1.3981,0.11544,0.96154,0.0072115,0.32108,49.793,13.253,5.6741,63.046,0.38815,14.734,7.0566,3.8651,2.6096,0.037165,0.0083788,2.0302,0.37874,30.867,73.184,2.0238,1.8368,210.52,288.03,2.409,20.571,13.209
246,71,2.1112,0.015496,16.122,14.122,1205.1,1.467,0.12113,1.0062,0.0075464,0.33965,50.8,13.592,5.7953,64.392,0.3957,14.918,7.1938,3.8556,2.5864,0.038794,0.0087849,2.069,0.38753,31.162,73.961,1.9615,1.789,212.48,289.82,2.4565,20.761,13.291
247,72,1.7814,0.015043,13.835,11.835,1216.9,1.2364,0.10209,0.84612,0.0063459,0.28822,51.646,13.881,5.8974,65.526,0.40204,15.071,7.3091,3.8476,2.567,0.032555,0.0073987,2.1016,0.39493,31.409,74.609,1.418,1.3164,213.9,291.13,2.4965,20.922,13.36
248,73,2.0638,0.012979,14.513,12.513,1229.4,1.4356,0.11853,0.98003,0.0073502,0.33703,52.626,14.218,6.0159,66.843,0.40939,15.255,7.4428,3.8392,2.5465,0.037625,0.0085825,2.1392,0.40351,31.67,73.29,1.8445,1.6733,215.75,292.81,2.5427,21.094,13.433
249,74,1.9112,0.015305,14.957,12.957,1242.4,1.3271,0.10958,0.9037,0.0067778,0.31385,53.529,14.531,6.1255,68.061,0.41617,15.413,7.566,3.8304,2.5253,0.034616,0.0079255,2.1738,0.41143,31.941,73.954,1.7162,1.5345,217.46,294.34,2.5852,21.274,13.51
250,75,2.5303,0.015547,17.428,15.428,1257.8,1.7603,0.14535,1.1951,0.0089632,0.4199,54.725,14.951,6.2708,69.676,0.42513,15.631,7.7289,3.82,2.5,0.045653,0.010497,2.2195,0.42193,32.263,74.827,3.0149,2.566,220.48,296.91,2.6414,21.489,13.601
251,76,2.5493,0.022419,19.698,17.698,1275.5,1.7688,0.14605,1.1977,0.0089829,0.42506,55.922,15.376,6.4169,71.299,0.43412,15.829,7.8922,3.7891,2.4942,0.045382,0.010602,2.2648,0.43253,32.632,75.858,3.2995,2.7179,223.78,299.62,2.6974,21.739,13.707
252,77,1.1297,0.020092,16.903,14.903,1290.4,0.77676,0.064136,0.5248,0.003936,0.18782,56.447,15.564,6.481,72.011,0.43805,15.863,7.9638,3.763,2.4893,0.019748,0.0046754,2.2846,0.43721,32.944,76.236,0.94674,0.81103,224.72,300.44,2.7218,21.952,13.797
253,78,1.8091,0.0085743,16.073,14.073,1304.5,1.2604,0.10407,0.84976,0.0063732,0.30653,57.297,15.871,6.5851,73.168,0.44443,15.989,8.0797,3.7384,2.4847,0.031768,0.0076164,2.3164,0.44483,33.237,76.846,1.7297,1.4821,226.45,301.92,2.7612,22.155,13.882
254,79,1.9018,0.013504,15.161,13.161,1317.6,1.3218,0.10914,0.88943,0.0066707,0.32321,58.186,16.194,6.6942,74.38,0.4511,16.132,8.2009,3.7154,2.4804,0.033046,0.0080169,2.3494,0.45284,33.512,76.256,1.8128,1.5537,228.27,303.47,2.8022,22.346,13.962
255,80,1.771,0.014196,15.23,13.23,1330.9,1.2298,0.10154,0.82589,0.0061942,0.30235,59.012,16.496,6.7958,75.508,0.45729,16.255,8.3135,3.6923,2.4761,0.030495,0.0074863,2.3799,0.46033,33.789,76.832,1.6619,1.4101,229.93,304.88,2.8402,22.54,14.043
256,81,1.4157,0.012435,13.482,11.482,1342.3,0.98228,0.081106,0.65855,0.0049391,0.24263,59.671,16.739,6.8769,76.41,0.46223,16.345,8.4033,3.6722,2.4723,0.024183,0.0059985,2.4041,0.46633,34.028,77.289,1.2118,1.0402,231.14,305.92,2.8704,22.71,14.114
257,82,1.4409,0.010297,14.617,12.617,1355,1.0014,0.082684,0.67009,0.0050257,0.24862,60.341,16.988,6.9595,77.328,0.46726,16.43,8.4947,3.6502,2.4682,0.02446,0.0061362,2.4285,0.47246,34.292,77.752,1.2923,1.0918,232.43,307.01,2.901,22.898,14.192
258,83,1.5069,0.01066,15.103,13.103,1368.1,1.0474,0.086481,0.69949,0.0052462,0.26141,61.04,17.249,7.046,78.289,0.4725,16.517,8.5901,3.6273,2.4639,0.025373,0.0064407,2.4539,0.4789,34.565,76.21,1.3302,1.1207,233.76,308.13,2.9328,23.095,14.274
259,84,0.8669,0.011627,16.403,14.403,1382.5,0.59869,0.049433,0.39897,0.0029923,0.15029,61.439,17.399,7.0955,78.838,0.47549,16.515,8.6445,3.6021,2.4591,0.014371,0.0036958,2.4683,0.4826,34.866,76.477,0.69754,0.58131,234.46,308.72,2.9509,23.313,14.364
260,85,2.1366,0.0063272,14.856,12.856,1395.3,1.4912,0.12313,0.99183,0.0074388,0.37625,62.431,17.775,7.2186,80.207,0.48293,16.678,8.7797,3.5796,2.4549,0.035504,0.0092368,2.5038,0.49184,35.134,77.137,2.4799,2.0442,236.94,310.76,2.9956,23.51,14.445
261,86,1.9886,0.016619,16.182,14.182,1409.5,1.3804,0.11397,0.91614,0.006871,0.35025,63.347,18.126,7.3326,81.473,0.4898,16.81,8.9046,3.5549,2.4503,0.032568,0.008582,2.5364,0.50042,35.431,77.744,2.4213,1.9499,239.36,312.71,3.0368,23.729,14.535
262,87,1.7487,0.016685,18.719,16.719,1426.2,1.2124,0.10011,0.80265,0.0060198,0.30966,64.15,18.435,7.4327,82.585,0.49582,16.893,9.0141,3.5256,2.4448,0.028298,0.0075707,2.5647,0.50799,35.78,77.768,2.2861,1.7785,241.65,314.49,3.0726,23.99,14.641
263,88,1.379,0.013608,16.658,14.658,1440.9,0.95579,0.078919,0.63135,0.0047351,0.24552,64.781,18.681,7.5116,83.462,0.50056,16.946,9.1002,3.5,2.44,0.022097,0.0059908,2.5867,0.51398,36.086,78.179,1.4968,1.1849,243.14,315.67,3.1007,24.221,14.736
264,89,1.6887,0.01017,15,13,1453.9,1.175,0.097019,0.77615,0.0058211,0.30184,65.557,18.983,7.6086,84.54,0.50638,16.819,9.206,3.4951,2.4356,0.027127,0.0073516,2.6139,0.52133,36.357,78.683,1.9926,1.5768,245.14,317.25,3.1352,24.427,14.82
265,90,1.8263,0.01267,15.342,13.342,1467.2,1.2695,0.10482,0.83859,0.0062894,0.32612,66.396,19.309,7.7134,85.705,0.51267,16.703,9.3203,3.4901,2.4311,0.029268,0.0079284,2.6431,0.52926,36.636,78.781,2.3159,1.7923,247.45,319.04,3.1724,24.641,14.906
266,91,0.80885,0.013823,15.86,13.86,1481.1,0.55652,0.045951,0.36761,0.0027571,0.14296,66.764,19.452,7.7594,86.215,0.51543,16.467,9.3705,3.485,2.4265,0.012811,0.0034688,2.656,0.53273,36.925,79.015,0.73334,0.56129,248.18,319.6,3.1887,24.865,14.997
267,92,1.4092,0.0059816,15.412,13.412,1494.5,0.98223,0.081102,0.64881,0.0048661,0.25232,67.412,19.704,7.8405,87.116,0.52029,16.315,9.4589,3.4799,2.4219,0.022578,0.006111,2.6785,0.53884,37.205,79.427,1.6448,1.2207,249.83,320.82,3.2174,25.084,15.085
268,93,1.6498,0.009534,12.141,10.141,1504.6,1.1482,0.094802,0.75842,0.0056881,0.29494,68.171,19.999,7.9353,88.17,0.52598,16.267,9.5623,3.4761,2.4185,0.026364,0.0071332,2.7049,0.54597,37.417,79.905,2.029,1.4819,251.86,322.31,3.2509,25.251,15.152
269,94,1.6202,0.011254,12.357,10.357,1515,1.1263,0.092995,0.74396,0.0055797,0.28932,68.915,20.288,8.0283,89.203,0.53156,16.211,9.6638,3.4723,2.415,0.025832,0.0069871,2.7307,0.55296,37.633,78.561,2.026,1.4448,253.88,323.75,3.2837,25.423,15.221
270,95,1.5818,0.011229,12.825,10.825,1525.8,1.0994,0.090775,0.7262,0.0054465,0.28241,69.641,20.571,8.1191,90.212,0.53701,16.144,9.7628,3.4682,2.4114,0.025186,0.00681,2.7559,0.55977,37.859,79.004,2.0033,1.3943,255.89,325.14,3.3157,25.603,15.293
271,96,1.1234,0.011163,13.638,11.638,1537.5,0.77856,0.064285,0.51428,0.0038571,0.2,70.155,20.771,8.1833,90.926,0.54086,16.014,9.8329,3.4638,2.4075,0.017814,0.0048149,2.7737,0.56459,38.102,79.316,1.2038,0.83361,257.09,325.98,3.3383,25.799,15.371
272,97,0.99865,0.008389,15.596,13.596,1551.1,0.69318,0.057235,0.45788,0.0034341,0.17807,70.613,20.949,8.2406,91.562,0.5443,15.836,9.8953,3.4588,2.4029,0.015837,0.0042787,2.7896,0.56886,38.386,79.593,0.99003,0.66561,258.08,326.64,3.3584,26.029,15.463
273,98,1.0808,0.0075553,15.905,13.905,1565,0.75129,0.062033,0.49626,0.003722,0.19299,71.109,21.142,8.3026,92.251,0.54802,15.666,9.963,3.4536,2.3982,0.017139,0.0046283,2.8067,0.57349,38.676,78.625,1.2072,0.78174,259.29,327.43,3.3802,26.266,15.557
274,99,0.73605,0.0074623,13.088,11.088,1576,0.51001,0.042111,0.33689,0.0025266,0.13101,71.446,21.273,8.3447,92.719,0.55055,15.799,10.009,3.4494,2.3945,0.011621,0.003137,2.8183,0.57663,38.908,78.824,0.63889,0.41053,259.93,327.84,3.395,26.457,15.633
275,100,1.1429,0.0046994,10.855,8.8553,1584.9,0.79673,0.065785,0.52628,0.0039471,0.20466,71.973,21.478,8.4105,93.45,0.55449,15.963,10.081,3.4461,2.3915,0.018136,0.0048945,2.8365,0.58152,39.093,79.134,1.1212,0.73711,261.05,328.57,3.418,26.611,15.694
276,101,0.68312,0.0078731,13.032,11.032,1595.9,0.47267,0.039028,0.31222,0.0023417,0.12142,72.285,21.599,8.4495,93.884,0.55684,16.094,10.123,3.442,2.3878,0.010747,0.0028992,2.8472,0.58442,39.323,79.317,0.52656,0.34861,261.58,328.92,3.4316,26.803,15.77
277,102,0.83224,0.0046714,13.028,11.028,1607,0.5793,0.047832,0.38265,0.0028699,0.14881,72.667,21.748,8.4974,94.415,0.55971,16.241,10.175,3.4378,2.384,0.013155,0.0035477,2.8604,0.58797,39.553,79.842,0.76847,0.50915,262.34,329.43,3.4483,26.997,15.846
278,103,0.49867,0.0055837,12.314,10.314,1617.3,0.34516,0.028499,0.228,0.00171,0.088665,72.895,21.836,8.5259,94.732,0.56142,16.351,10.207,3.434,2.3806,0.0078293,0.0021107,2.8682,0.59008,39.769,79.975,0.35265,0.2377,262.7,329.67,3.4583,27.18,15.918
279,104,0.56658,0.0037364,15.678,13.678,1631,0.39399,0.032531,0.26025,0.0019519,0.10121,73.156,21.938,8.5584,95.093,0.56337,16.49,10.242,3.4288,2.376,0.0089236,0.0024047,2.8771,0.59249,40.054,80.128,0.42893,0.28541,263.13,329.95,3.4696,27.424,16.013
280,105,0.61012,0.0046116,18.067,16.067,1647,0.42385,0.034997,0.27998,0.0020998,0.10888,73.436,22.047,8.5934,95.482,0.56547,16.648,10.28,3.4228,2.3705,0.0095831,0.002581,2.8867,0.59507,40.39,80.292,0.6111,0.39459,263.74,330.35,3.4818,27.713,16.126
281,106,1.2837,0.0041299,12.561,10.561,1657.6,0.89572,0.073959,0.59167,0.0044375,0.23009,74.027,22.277,8.6674,96.304,0.5699,16.844,10.361,3.4189,2.367,0.020228,0.0054463,2.9069,0.60051,40.61,78.886,1.5184,1.0324,265.26,331.38,3.5074,27.905,16.201
282,107,1.1921,0.0085301,11.796,9.7955,1667.4,0.82848,0.068407,0.54725,0.0041044,0.21282,74.575,22.489,8.7358,97.064,0.57401,17.026,10.435,3.4152,2.3637,0.01869,0.0050304,2.9256,0.60554,40.815,79.197,1.4897,1.0224,266.75,332.4,3.5312,28.085,16.27
283,108,0.79219,0.008427,13.888,11.888,1679.3,0.54864,0.0453,0.3624,0.002718,0.14093,74.937,22.63,8.7811,97.567,0.57673,17.182,10.485,3.4108,2.3597,0.012361,0.0033256,2.938,0.60887,41.063,79.402,0.82719,0.56271,267.57,332.97,3.5468,28.304,16.355
284,109,0.67,0.005405,12.942,10.942,1690.2,0.46522,0.038413,0.3073,0.0023048,0.11951,75.244,22.75,8.8195,97.994,0.57903,17.321,10.527,3.4067,2.356,0.010469,0.0028155,2.9484,0.61169,41.292,79.576,0.56607,0.3922,268.14,333.36,3.5601,28.507,16.434
285,110,1.0906,0.004445,12.023,10.023,1700.2,0.76032,0.062779,0.50223,0.0037667,0.19531,75.746,22.945,8.8822,98.692,0.5828,17.499,10.595,3.4029,2.3526,0.01709,0.0045949,2.9655,0.61628,41.501,78.18,1.2522,0.87641,269.39,334.23,3.5818,28.694,16.506
286,111,0.98134,0.0067461,9.7336,7.7336,1708,0.68222,0.05633,0.45064,0.0033798,0.17525,76.197,23.12,8.9386,99.318,0.58618,17.651,10.657,3.4,2.35,0.015322,0.0041184,2.9809,0.6204,41.662,78.428,1.0274,0.72849,270.42,334.96,3.6013,28.839,16.562
287,112,0.75868,0.0052282,5.376,3.376,1711.3,0.52742,0.043548,0.34771,0.0026078,0.13616,76.545,23.257,8.9821,99.801,0.58879,17.752,10.704,3.4,2.3486,0.011822,0.0031979,2.9927,0.6236,41.733,78.619,1.1964,0.88486,271.61,335.85,3.6163,28.903,16.586
288,113,0.92328,0.0041003,5.6772,3.6772,1715,0.64342,0.053127,0.42328,0.0031746,0.16702,76.968,23.424,9.0353,100.39,0.59196,17.872,10.762,3.4,2.3471,0.014391,0.00392,3.0071,0.62752,41.81,78.851,1.3164,0.96565,272.93,336.81,3.6346,28.973,16.613
289,114,0.78073,0.0057508,10.049,8.049,1723.1,0.54249,0.044792,0.3552,0.002664,0.14249,77.323,23.566,9.08,100.89,0.59462,18.007,10.81,3.4,2.3437,0.012077,0.0033396,3.0191,0.63086,41.978,79.046,0.70969,0.50956,273.64,337.32,3.65,29.126,16.672
290,115,1.0299,0.0044775,7.5654,5.5654,1728.6,0.71782,0.05927,0.46847,0.0035135,0.19008,77.792,23.756,9.1393,101.55,0.59814,18.152,10.874,3.4,2.3414,0.015928,0.0044505,3.0351,0.63531,42.094,79.304,1.1919,0.8647,274.83,338.19,3.6704,29.232,16.712
291,116,0.67293,0.0057687,6.7012,4.7012,1733.3,0.46701,0.03856,0.30394,0.0022795,0.12451,78.096,23.881,9.1779,101.98,0.60042,18.253,10.916,3.4,2.3394,0.010334,0.0029128,3.0454,0.63822,42.192,79.471,0.86865,0.6429,275.7,338.83,3.6836,29.322,16.747
292,117,0.79962,0.0039421,8.4384,6.4384,1739.8,0.55697,0.045989,0.36111,0.0027083,0.14987,78.457,24.031,9.2239,102.49,0.60313,18.38,10.965,3.4,2.3367,0.012278,0.0035021,3.0577,0.64172,42.326,79.67,0.82046,0.60605,276.52,339.44,3.6994,29.445,16.794
293,118,0.8004,0.0047214,8.4115,6.4115,1746.2,0.55697,0.045989,0.35974,0.0026981,0.15124,78.817,24.182,9.2699,103,0.60582,18.507,11.014,3.4,2.334,0.012231,0.0035301,3.0699,0.64525,42.46,79.868,1.0591,0.7823,277.58,340.22,3.7152,29.569,16.841
294,119,0.69778,0.0054782,12.963,10.963,1757.1,0.48461,0.040014,0.31096,0.0023322,0.13364,79.128,24.315,9.3099,103.44,0.60816,18.656,11.056,3.4,2.3294,0.010573,0.0031129,3.0805,0.64836,42.689,80.181,0.71418,0.50951,278.29,340.73,3.7289,29.782,16.922
295,120,0.65245,0.0042987,9.9669,7.9669,1765.1,0.4537,0.037462,0.28974,0.0021731,0.1265,79.417,24.442,9.3473,103.86,0.61033,18.78,11.096,3.4,2.3261,0.0098512,0.0029425,3.0903,0.65131,42.856,80.343,0.58675,0.43072,278.88,341.16,3.7417,29.937,16.981
296,121,0.75066,0.0039485,9.3392,7.3392,1772.5,0.52269,0.043158,0.33233,0.0024925,0.14721,79.75,24.589,9.3905,104.34,0.61282,18.909,11.141,3.4,2.323,0.011299,0.0034197,3.1016,0.65473,43.009,80.528,0.79155,0.57862,279.67,341.74,3.7564,30.081,17.036
297,122,0.3313,0.0049155,11.774,9.7744,1782.2,0.22847,0.018864,0.1444,0.001083,0.065203,79.894,24.654,9.4094,104.55,0.61391,19.014,11.161,3.4,2.3189,0.0049097,0.001512,3.1066,0.65624,43.213,80.609,0.22681,0.16807,279.9,341.91,3.7628,30.274,17.109
298,123,0.76881,0.002228,12.982,10.982,1793.2,0.53661,0.044307,0.3369,0.0025267,0.15541,80.231,24.81,9.4537,105.04,0.61643,19.173,11.207,3.4,2.3143,0.011454,0.0035966,3.118,0.65984,43.442,80.798,0.84253,0.61434,280.74,342.52,3.7778,30.492,17.191
299,124,0.48213,0.0051899,12.805,10.805,1804,0.33385,0.027566,0.20822,0.0015616,0.098073,80.439,24.908,9.4812,105.35,0.61799,19.302,11.235,3.4,2.3098,0.0070794,0.0022653,3.1251,0.6621,43.668,79.921,0.40885,0.3032,281.15,342.82,3.7872,30.708,17.273
300,125,0.80403,0.0031697,12.229,10.229,1814.2,0.5606,0.046288,0.34743,0.0026057,0.16689,80.787,25.075,9.5275,105.86,0.6206,19.461,11.282,3.4,2.3055,0.011813,0.0038476,3.1369,0.66595,43.881,80.116,0.96117,0.70632,282.11,343.53,3.8028,30.914,17.35
301,126,0.76457,0.0050067,10.388,8.3883,1822.6,0.53169,0.043901,0.3278,0.0024585,0.15999,81.114,25.235,9.5714,106.35,0.62306,19.602,11.327,3.4,2.302,0.011145,0.003683,3.148,0.66963,44.057,80.3,0.92334,0.68848,283.04,344.22,3.8177,31.084,17.414
302,127,0.58215,0.005087,12.548,10.548,1833.2,0.40395,0.033353,0.2474,0.0018555,0.12319,81.362,25.358,9.6048,106.72,0.62491,19.742,11.361,3.4,2.2976,0.0084118,0.0028304,3.1565,0.67246,44.277,80.44,0.65054,0.48287,283.69,344.7,3.8289,31.299,17.494
303,128,0.57152,0.0035372,9.989,7.989,1841.2,0.39759,0.032828,0.24229,0.0018172,0.12247,81.604,25.48,9.6376,107.08,0.62673,19.861,11.394,3.4,2.2942,0.0082379,0.0028097,3.1647,0.67527,44.444,80.577,0.58079,0.44377,284.27,345.15,3.84,31.463,17.556
304,129,0.5909,0.0035904,10.911,8.9115,1850.1,0.41111,0.033945,0.24913,0.0018684,0.12804,81.853,25.608,9.6715,107.46,0.6286,19.99,11.428,3.4,2.2905,0.0084703,0.0029328,3.1732,0.6782,44.63,79.096,0.6575,0.50614,284.92,345.65,3.8514,31.646,17.624
305,130,0.3568,0.0040714,13.745,11.745,1861.8,0.24691,0.020387,0.14851,0.0011138,0.078015,82.002,25.686,9.6919,107.69,0.62971,20.119,11.448,3.4,2.2856,0.0050493,0.0017831,3.1782,0.67999,44.875,79.179,0.3177,0.24094,285.24,345.89,3.8582,31.89,17.715
306,131,0.57579,0.0021276,9.6335,7.6335,1869.5,0.40157,0.033157,0.24035,0.0018026,0.12806,82.242,25.814,9.7251,108.06,0.63152,20.238,11.481,3.4,2.2824,0.008172,0.0029228,3.1864,0.68291,45.034,79.315,0.64284,0.50398,285.89,346.4,3.8693,32.05,17.774
307,132,0.28224,0.0032533,7.7835,5.7835,1875.2,0.19529,0.016125,0.11646,0.00087345,0.062709,82.358,25.877,9.7412,108.24,0.63239,20.312,11.497,3.4,2.28,0.0039596,0.0014298,3.1903,0.68434,45.155,79.38,0.29407,0.23748,286.18,346.63,3.8747,32.171,17.819
